L 0 31 95 329 1889 1985
L 1 48 1162 1785 285 1355
L 2 34 680 157 1241 1131
C 3 36 633 113 48
L 4 15 45 1622 1294 1306
L 5 55 1786 82 1650 936
C 6 89 954 1036 42
C 7 22 1359 687 124
C 8 59 823 1394 144
R 9 82 751 141 173 113
C 10 45 1677 392 101
C 11 67 326 1037 77
R 12 100 165 394 89 366
R 13 63 872 1504 12 386
L 14 87 1227 422 1322 1251
L 15 32 975 1842 1276 393
R 16 10 848 1189 101 250
L 17 25 935 1619 815 1441
L 18 4 743 1147 440 122
R 19 23 277 557 115 73
L 20 73 1589 917 658 1198
R 21 99 55 347 387 145
L 22 92 45 1919 319 898
R 23 73 312 277 354 304
C 24 48 756 188 82
L 25 55 1 1694 1973 1650
R 26 25 212 636 13 206
R 27 97 1714 1238 220 300
C 28 85 832 1820 118
R 29 62 997 1454 302 208
C 30 36 232 1147 180
C 31 15 1233 1452 103
R 32 48 444 909 384 268
C 33 31 687 1386 179
L 34 89 770 1864 291 62
L 35 68 1561 701 1674 1433
L 36 29 50 1425 977 354
L 37 29 1453 1476 1928 1765
R 38 52 143 1385 72 99
R 39 11 85 407 183 34
R 40 99 23 11 326 356
C 41 74 60 689 12
C 42 84 750 1881 68
C 43 20 841 349 121
L 44 82 110 811 1161 1714
L 45 51 750 262 1410 1716
R 46 19 763 1244 268 290
C 47 93 501 687 145
L 48 51 1069 792 1689 1508
R 49 53 733 1420 181 335
F 1 620.65 756 608
F 2 652.72 212 1949
F 3 841.90 947 925
F 4 124.38 1407 327
F 5 480.66 2000 781
F 6 849.60 1865 1648
F 7 959.06 1120 1946
P 0 1860 1500
P 1 662 253
P 2 1676 1750

